35 35 35 35 35 35 35 35 35 35 35 35 35 37 37 37
35 35 35 35 35 35 35 35 23 35 37 37 37 37 37 37
35 35 35 35 35 35 35 35 37 37 37 37 37 37 37 37
17 17 17 17 17 17 17 17 17 17 17 21 21 37 37 22
29 29 29 29 29 29 29 29 29 29 29 21 21 37 31 22
29 29 29 29 29 29 29 29 29 29 29 21 21 31 31 22
40 40 40 40 40 40 40 40 40 40 40 40 40 40 40 40
40 18 18 18 18 40 40 40 40 40 40 40 40 40 40 40
24 18 18 18 18 24 24 24 24 19 19 19 19 19 36 36
26 36 36 36 36 36 36 36 36 19 19 19 19 19 36 36
36 36 36 36 36 36 36 36 36 36 36 36 36 36 36 36
36 36 36 36 36 36 36 36 36 36 36 36 36 36 36 36