9 16 16 9 9 9 9 9 9 9 9 9 9 12 12 9
9 16 16 9 9 9 34 34 34 34 34 9 9 12 12 9
9 9 13 13 13 13 13 34 34 34 34 9 9 9 9 9
38 38 13 13 13 13 13 38 38 38 38 38 38 38 38 38
14 38 13 13 13 13 13 38 38 10 10 38 38 10 10 38
14 38 13 13 13 13 13 38 38 10 10 11 38 10 10 11
14 38 38 38 38 38 38 38 38 38 38 38 38 38 38 38
14 38 38 38 38 38 38 38 38 10 10 38 38 10 10 38
14 38 15 15 15 15 15 38 38 10 10 11 38 10 10 11
14 38 15 15 15 15 15 38 38 38 38 38 38 38 38 38
14 38 15 15 15 15 15 38 38 10 10 38 38 10 10 38
38 38 15 15 15 15 15 38 38 10 10 11 38 10 10 11
