0 0 0 0 0 0 0 0 0 0 0 0 0 0 0 0
0 0 0 0 0 0 0 0 0 0 0 0 0 0 0 0
0 0 0 0 0 0 0 0 0 0 0 0 0 0 0 0
1 1 1 1 1 1 1 1 1 1 1 1 1 1 1 1
1 1 1 1 1 1 1 1 1 1 1 1 1 1 1 1
33 32 33 32 33 32 33 32 33 32 33 32 33 32 33 32
32 33 32 33 32 33 32 33 32 33 32 33 32 33 32 33
33 32 33 32 33 32 33 32 33 32 33 32 33 32 33 32
32 33 32 33 32 33 32 33 32 33 32 33 32 33 32 33
33 32 33 32 33 32 33 32 33 32 33 32 33 32 33 32
32 33 32 33 32 33 32 33 32 33 32 33 32 33 32 33
33 32 33 32 33 32 33 32 33 32 33 32 33 32 33 32



   