*
Name D5
Type non-animated
Trans 0.0
Image 392 1317 1124 438
Body 408 1422 1089 150 394 1322 1117 99
Foot 411 1697 157 71 567 1696 54 50 621 1697 16 37 636 1695 218 20 408 1695 15 34 852 1697 201 49 1053 1695 216 14 1270 1695 144 56 1414 1694 82 32 408 1569 1089 128
*
Name barrier
Type non-animated
Trans 1.0
Image 1430 1716 116 322
Body 
Foot 1437 2025 99 5 1532 1746 4 284 1437 1747 99 3
*
Name D35
Type non-animated
Trans 0.0
Image 448 1420 185 382
Body 453 1420 173 373 
Foot 0 0 0 0
*
Name roof
Type non-animated
Trans 0.0
Image 21 1240 324 969
Body 55 1464 180 624 54 1464 217 60 52 1304 256 192
Foot 65 2162 5 5 220 2161 5 5
*
Name D3
Type non-animated
Trans 0.0
Image 370 1760 1123 432
Body 390 1862 1086 191 374 1766 1119 98 
Foot 390 2139 225 36 615 2139 608 16 1223 2158 252 17 1250 2138 226 23 390 2052 1086 88 388 1971 171 95 639 1971 12 111 639 2029 631 78 
*
Name park_area
Type non-animated
Trans 1.0
Image 55 2104 366 169
Body 
Foot 61 2253 66 5 210 2253 18 5 305 2253 107 5 408 2145 4 113 
#
