*
Name Library
Type non-animated
Trans 0.0
Image 217 539 1256 1252
Body 225 783 1233 890 372 594 924 282 372 546 231 189 1062 543 240 195 591 591 489 192 
Foot 450 1631 138 120 1095 1634 131 117 379 1536 917 199 222 1638 1229 58 226 1363 1223 278 
*
Name big_pillars
Type non-animated
Trans 1.0
Image 480 1588 720 252
Body 499 1630 39 149 685 1631 38 147 950 1633 38 145 1136 1633 39 147 
Foot 499 1766 39 17 686 1766 37 17 950 1766 39 16 1136 1766 39 16 
*
Name Alumni
Type non-animated
Trans 0.5
Image 1765 1293 829 702
Body 1821 1303 741 546 1854 1304 742 340 
Foot 1769 1811 754 181 1775 1476 748 411 
*
Name Unknown
Type non-animated
Trans 0.5
Image 2637 1155 373 934
Body 2643 1176 369 822 
Foot 2673 1338 309 753
#