13
wall Obstacle 6
357 114
316 127
296 169
296 191
324 213
357 213
wall Obstacle 4
359 13
266 46
274 70
359 43
wall Obstacle 4
262 48
224 92
242 110
274 70
wall Obstacle 4
222 94
217 195
233 190
242 110
wall Obstacle 4
233 190
217 199
243 240
266 222
wall Obstacle 5
266 222
244 240
287 262
295 254
295 239
wall Obstacle 6
643 113
643 213
676 213
706 191
703 150
685 128
wall Obstacle 4
643 11
643 42
725 65
740 48
wall Obstacle 4
740 48
725 65
762 113
780 95
wall Obstacle 4
780 95
762 113
770 173
787 194
wall Obstacle 4
787 147
770 173
766 188
783 202
wall Obstacle 4
765 190
740 218
759 240
787 195
wall Obstacle 5
740 218
707 239
705 254
714 262
765 232







